header:
  frame_id: map
  seq: 2
  stamp:
    nsecs: 0
    secs: 0
pose:
  orientation:
    w: 0.7814426280495178
    x: 0.0
    y: 0.0
    z: 0.623977098191162
  position:
    x: 1.313615716425907
    y: 4.561392179353599
    z: 0.0
