header:
  frame_id: map
  seq: 3
  stamp:
    nsecs: 0
    secs: 0
pose:
  orientation:
    w: 0.25351711037008895
    x: 0.0
    y: 0.0
    z: 0.9673309024059968
  position:
    x: 0.3199105711604042
    y: 4.40058055771823
    z: 0.0
