header:
  frame_id: map
  seq: 1
  stamp:
    nsecs: 0
    secs: 0
pose:
  orientation:
    w: 0.6485434130116234
    x: 0.0
    y: 0.0
    z: 0.7611776674595983
  position:
    x: 1.3406984036585423
    y: 4.653050374993548
    z: 0.0
