header:
  frame_id: map
  seq: 1
  stamp:
    nsecs: 0
    secs: 0
pose:
  orientation:
    w: 0.6850594840542382
    x: 0.0
    y: 0.0
    z: 0.7284871332476237
  position:
    x: 2.050553362934168
    y: 4.7292286802857735
    z: 0.0
