header:
  frame_id: map
  seq: 3
  stamp:
    nsecs: 0
    secs: 0
pose:
  orientation:
    w: 0.24025067310554793
    x: 0.0
    y: 0.0
    z: 0.9707108807839393
  position:
    x: 0.3772656966460247
    y: 4.402582607870087
    z: 0.0
