header:
  frame_id: map
  seq: 3
  stamp:
    nsecs: 0
    secs: 0
pose:
  orientation:
    w: 0.23807812232213374
    x: 0.0
    y: 0.0
    z: 0.9712460078021259
  position:
    x: 0.3543118355846604
    y: 4.40637798500814
    z: 0.0
