header:
  frame_id: map
  seq: 1
  stamp:
    nsecs: 0
    secs: 0
pose:
  orientation:
    w: 0.6788053780752962
    x: 0.0
    y: 0.0
    z: 0.734318227130482
  position:
    x: 2.0252567944296027
    y: 4.744109197957134
    z: 0.0
