header:
  frame_id: map
  seq: 2
  stamp:
    nsecs: 0
    secs: 0
pose:
  orientation:
    w: 0.7740149497204941
    x: 0.0
    y: 0.0
    z: 0.6331673219688307
  position:
    x: 1.2923662732620937
    y: 4.577914668622483
    z: 0.0
