header:
  frame_id: map
  seq: 2
  stamp:
    nsecs: 0
    secs: 0
pose:
  orientation:
    w: 0.7718558987379367
    x: 0.0
    y: 0.0
    z: 0.6357975083180587
  position:
    x: 1.2648696673672322
    y: 4.578484766759123
    z: 0.0
