header:
  frame_id: map
  seq: 2
  stamp:
    nsecs: 0
    secs: 0
pose:
  orientation:
    w: 0.9523928462768911
    x: 0.0
    y: 0.0
    z: -0.30487352518807204
  position:
    x: 2.0319962074516305
    y: 3.427716322148984
    z: 0.0
