header:
  frame_id: map
  seq: 2
  stamp:
    nsecs: 0
    secs: 0
pose:
  orientation:
    w: 0.20723161018525826
    x: 0.0
    y: 0.0
    z: 0.978291909268407
  position:
    x: 0.32405745981105616
    y: 4.379230667654271
    z: 0.0
