header:
  frame_id: map
  seq: 1
  stamp:
    nsecs: 0
    secs: 0
pose:
  orientation:
    w: 0.6707586874043546
    x: 0.0
    y: 0.0
    z: 0.7416756590798886
  position:
    x: 2.001729892955661
    y: 4.762481822601332
    z: 0.0
