image: /home/ucar/lby_ws/src/ucar_nav/maps/lby_test2_4-25.pgm
resolution: 0.050000
origin: [-100.000000, -100.000000, 0.000000]
negate: 0
occupied_thresh: 0.65
free_thresh: 0.196

