header:
  frame_id: map
  seq: 1
  stamp:
    nsecs: 0
    secs: 0
pose:
  orientation:
    w: 0.7183280953540194
    x: 0.0
    y: 0.0
    z: 0.6957044972005477
  position:
    x: 1.183406800438748
    y: 4.629706163988284
    z: 0.0
