header:
  frame_id: map
  seq: 1
  stamp:
    nsecs: 0
    secs: 0
pose:
  orientation:
    w: 0.9663445978999763
    x: 0.0
    y: 0.0
    z: -0.2572510798996441
  position:
    x: 2.1888857546984113
    y: 2.54446383532647
    z: 0.0
