header:
  frame_id: map
  seq: 1
  stamp:
    nsecs: 0
    secs: 0
pose:
  orientation:
    w: 0.9309964093016897
    x: 0.0
    y: 0.0
    z: -0.36502833570472387
  position:
    x: 2.0502840864656338
    y: 2.5621293636653917
    z: 0.0
