header:
  frame_id: map
  seq: 1
  stamp:
    nsecs: 0
    secs: 0
pose:
  orientation:
    w: 0.9486673702885654
    x: 0.0
    y: 0.0
    z: -0.31627554529204105
  position:
    x: 2.2258471887969153
    y: 2.5724043294331445
    z: 0.0
